Code Smell,S1,S2,S3,S4,S5,S6,S7,S8,S9,S10,S11,S12,S13,S14,S15,S16,S17,S18,S19,S20,S21,S22,S23,S24,S25,S26,S27,S28,S29,S30,S31,S32,S33,S34,S35
S1,1.0,0.056621203066755166,0.0036935891032518434,-0.027347551110974744,0.015599270244639845,0.0,0.0,-0.00306273860757314,-0.013952921482009337,2.5970910643952044e-05,-0.0011429506255886844,-0.0464988339336325,-0.0025502539475641245,0.6528374744604551,0.03487606031775327,0.03487606031775327,0.0046480187054838236,0.006994101540724125,0.00014469653244386343,-0.00856236950940686,-0.00856236950940686,-0.007585137271590543,0.008035963340205803,-0.006670855106094984,0.01990088482776295,0.06233305823614573,0.034465304982665104,-0.5147540956234804,0.0036935891032518434,0.05570170805770862,0.04937393513352801,0.172214706054303,0.1351561415352018,0.08082461086773635,0.04023902391577102
S2,0.056621203066755166,1.0,0.15286770312338582,-0.13847663653104297,0.266530146839593,0.0,0.0,0.05905097391366839,-0.08181468806064456,-0.1130036353776281,0.055246504468076836,0.11353551520889048,-0.016751145512042074,0.09232604364186642,-0.025439743938682938,-0.025439743938682938,0.30564027354748985,0.26783580266736245,0.15471586264221276,-0.03679614832703512,-0.03679614832703512,0.1483159008355283,0.2096374220100748,-0.0564587281144146,0.0683719178151086,0.11722137469178964,-0.02396371323957679,0.16557229387879596,0.15286770312338582,-0.36197782839285525,-0.2634444627054583,0.045838781074357994,0.23268838978656417,0.0880015048451301,0.06235670248745891
S3,0.0036935891032518434,0.15286770312338582,1.0,-0.060587605086811144,0.1418439812186831,0.0,0.0,0.0323359086583884,0.0724364255042026,-0.0776270674355058,-0.2459704170757315,0.1795292942594776,-0.012042432693584695,0.0048254289176569145,0.21416849480819933,0.21416849480819933,0.09175021472199545,0.08966563726811287,0.024886662826119815,-0.0034973599461121424,-0.0034973599461121424,0.26076979157884217,0.09593831590029721,0.15701930463343486,0.03565749785923973,0.10714662246490014,0.06903688284585191,0.1379220169865606,1.0,-0.07226044650160438,-0.05822387478953051,-0.0050061014266176915,0.16209283395181548,0.10617362927990452,0.021932786970355066
S4,-0.027347551110974744,-0.13847663653104297,-0.060587605086811144,1.0,-0.0972824103571593,0.0,0.0,-0.003907835241786708,0.09389146266799141,0.5124380126946637,-0.04364869690932564,-0.018253000197184517,0.04819360741610695,-0.042208385907148815,-0.06597654520871298,-0.06597654520871298,-0.09807463359429452,-0.08524486743830943,-0.039907916929967785,-0.02896298285421256,-0.02896298285421256,-0.05553689470740559,-0.0731301351786368,0.09220178373647982,-0.023555194794592938,0.038419090412031134,0.20298203119739536,0.126820026606612,-0.060587605086811144,0.30800883044738064,0.39168533888798407,-0.02692054849892371,0.12660048157281079,0.10111222877338683,0.06048291063339474
S5,0.015599270244639845,0.266530146839593,0.1418439812186831,-0.0972824103571593,1.0,0.0,0.0,0.06934270914529109,-0.11526888771120156,-0.07264679885646688,-0.02330867361590531,0.09123904358854464,-0.0014558964223588943,0.06416554785382916,0.5255081403277029,0.5255081403277029,0.3096635043660504,0.29968505578560417,0.2540206775170275,-0.033651439159378814,-0.033651439159378814,0.39619925189657773,0.30625226007176926,-0.07943826764243986,0.11457130188549676,0.06286147574148457,-0.15876993175933235,0.12558008681052749,0.1418439812186831,-0.2902743940094533,-0.19923724638206242,0.043469565817147685,0.15652110416212583,0.008867703194034854,0.05617468212894316
S6,0.0,0.0,0.0,0.0,0.0,1.0,0.0,0.0,0.0,0.0,0.0,0.0,0.0,0.0,0.0,0.0,0.0,0.0,0.0,0.0,0.0,0.0,0.0,0.0,0.0,0.0,0.0,0.0,0.0,0.0,0.0,0.0,0.0,0.0,0.0
S7,0.0,0.0,0.0,0.0,0.0,0.0,1.0,0.0,0.0,0.0,0.0,0.0,0.0,0.0,0.0,0.0,0.0,0.0,0.0,0.0,0.0,0.0,0.0,0.0,0.0,0.0,0.0,0.0,0.0,0.0,0.0,0.0,0.0,0.0,0.0
S8,-0.00306273860757314,0.05905097391366839,0.0323359086583884,-0.003907835241786708,0.06934270914529109,0.0,0.0,1.0,-0.00535324637715901,0.007254306481066436,0.04800981931086236,-0.019890384806101145,-0.007335216410915997,-0.014572288749483416,0.07310414155241847,0.07310414155241847,0.05314847519020332,0.044955905744698106,0.036247527108134246,-0.013930722181737644,-0.013930722181737644,0.05007362074056209,0.09134539191037992,0.00747515790582792,0.07451120504517711,0.08780465020238064,0.021655563114594784,0.0899032078308294,0.0323359086583884,-0.005997970949723187,-0.023907510671943584,-0.008040214704625463,0.10166505266538317,0.07215718357653819,-0.011108672228172538
S9,-0.013952921482009337,-0.08181468806064456,0.0724364255042026,0.09389146266799141,-0.11526888771120156,0.0,0.0,-0.00535324637715901,1.0,0.18155868326965185,0.020432164272831635,0.10781829011836533,-0.014353610450306883,-0.00605692884608702,-0.027262377580591298,-0.027262377580591298,-0.15294749656282663,-0.13462526558529525,-0.03445401944002279,0.03637200475980182,0.03637200475980182,0.03533618788289884,-0.14658355976969664,0.42056696696213564,-0.010783244983796798,0.10299318137071509,0.2619542271414969,0.18033022569673518,0.0724364255042026,0.36414383265027583,0.39316519005578937,0.0038622961256266244,0.19822099293321643,0.1950145772663815,0.04992144353844383
S10,2.5970910643952044e-05,-0.1130036353776281,-0.0776270674355058,0.5124380126946637,-0.07264679885646688,0.0,0.0,0.007254306481066436,0.18155868326965185,1.0,-0.12648006030572267,-0.08816375134078494,0.06491267750966573,-0.028325510058050764,-0.0577603639889601,-0.0577603639889601,-0.09339729251132327,-0.0761366595158583,-0.03659569432566154,-0.022031912140106826,-0.022031912140106826,-0.060770823633411325,-0.07714979743356211,0.19276798746632443,-0.017918250505115422,0.001174961615490235,0.15440682680616824,0.0833132549471172,-0.0776270674355058,0.24414817625080157,0.3423288300827011,-0.01691527671007006,0.09630398570983044,0.05822200834917167,0.07311175235868016
S11,-0.0011429506255886844,0.055246504468076836,-0.2459704170757315,-0.04364869690932564,-0.02330867361590531,0.0,0.0,0.04800981931086236,0.020432164272831635,-0.12648006030572267,1.0,-0.29341552315226016,0.036318740535448216,-0.024162238938471154,-0.06581800645965227,-0.06581800645965227,0.06838834928225136,0.0492906536824087,0.007486450987120965,-0.007816819426684154,-0.007816819426684154,-0.09332372318788834,0.018478488390460613,-0.12656979610173777,0.0009591048048501398,0.24133745717306443,0.21529670096544778,0.26253059621030345,-0.2459704170757315,0.09432806088418465,-0.011582018123566924,-0.0018217421377133387,0.3025718657248617,0.23361883627373958,-0.013594421245649616
S12,-0.0464988339336325,0.11353551520889048,0.1795292942594776,-0.018253000197184517,0.09123904358854464,0.0,0.0,-0.019890384806101145,0.10781829011836533,-0.08816375134078494,-0.29341552315226016,1.0,-0.016279451023686213,0.04032501043435596,0.12185965871876775,0.12185965871876775,0.05352384714837585,0.056336279479041296,0.06417132640323685,0.05871354369289089,0.05871354369289089,0.1762177330212443,0.15013687168272286,0.2538996592142985,0.014460477635379313,-0.12326887719356454,0.1254072464412822,0.20574523208562312,0.1795292942594776,0.06714747380772365,0.08383546753588694,0.026245248843300463,0.20383271923256435,-0.02969219984078337,0.2897812854362277
S13,-0.0025502539475641245,-0.016751145512042074,-0.012042432693584695,0.04819360741610695,-0.0014558964223588943,0.0,0.0,-0.007335216410915997,-0.014353610450306883,0.06491267750966573,0.036318740535448216,-0.016279451023686213,1.0,-0.007465510066545619,-0.008751148559156301,-0.008751148559156301,0.012124849849612434,0.006472347868067802,0.004821108009349903,0.0008442985183689557,0.0008442985183689557,-0.011208575600434423,0.01785370104295906,-0.013025752295389693,0.014703824781933848,0.038342153367598504,0.05073814051834474,0.044663896093924856,-0.012042432693584695,0.02601552187494236,0.02491467765075983,-0.003105171203300938,0.04975617908544605,0.03406976851146952,-0.0010142480782761659
S14,0.6528374744604551,0.09232604364186642,0.0048254289176569145,-0.042208385907148815,0.06416554785382916,0.0,0.0,-0.014572288749483416,-0.00605692884608702,-0.028325510058050764,-0.024162238938471154,0.04032501043435596,-0.007465510066545619,1.0,0.06633187078389231,0.06633187078389231,0.050478914286780203,0.04190442852457671,0.057214599837590294,-0.0007335138338810984,-0.0007335138338810984,0.018819999420324265,0.05873526964590467,-0.03318943286384755,0.039374699358184766,0.0346448518729284,0.036039677050141876,-0.25874624472349916,0.0048254289176569145,0.022939520443029014,-0.0003366345102390903,0.6193652060109188,0.17757573091791437,0.07886127878045875,0.10147081975183483
S15,0.03487606031775327,-0.025439743938682938,0.21416849480819933,-0.06597654520871298,0.5255081403277029,0.0,0.0,0.07310414155241847,-0.027262377580591298,-0.0577603639889601,-0.06581800645965227,0.12185965871876775,-0.008751148559156301,0.06633187078389231,1.0,1.0,0.155954148177644,0.15007762128620433,0.18989078896070163,-0.010971885120082627,-0.010971885120082627,0.6566600822443608,0.21429842748329667,0.06276692532820818,0.1086880127445848,0.06900926854354122,-0.13126144430818676,0.08088110360688634,0.21416849480819933,-0.16843626116675142,-0.09048978536788674,0.032408498373570786,0.11893569658325302,-0.0009369301012536861,0.02384931189970732
S16,0.03487606031775327,-0.025439743938682938,0.21416849480819933,-0.06597654520871298,0.5255081403277029,0.0,0.0,0.07310414155241847,-0.027262377580591298,-0.0577603639889601,-0.06581800645965227,0.12185965871876775,-0.008751148559156301,0.06633187078389231,1.0,1.0,0.155954148177644,0.15007762128620433,0.18989078896070163,-0.010971885120082627,-0.010971885120082627,0.6566600822443608,0.21429842748329667,0.06276692532820818,0.1086880127445848,0.06900926854354122,-0.13126144430818676,0.08088110360688634,0.21416849480819933,-0.16843626116675142,-0.09048978536788674,0.032408498373570786,0.11893569658325302,-0.0009369301012536861,0.02384931189970732
S17,0.0046480187054838236,0.30564027354748985,0.09175021472199545,-0.09807463359429452,0.3096635043660504,0.0,0.0,0.05314847519020332,-0.15294749656282663,-0.09339729251132327,0.06838834928225136,0.05352384714837585,0.012124849849612434,0.050478914286780203,0.155954148177644,0.155954148177644,1.0,0.8092029275952897,0.15253138341347347,0.004596063440653279,0.004596063440653279,0.13250164482356716,0.2422124740864793,-0.1083343801309634,0.049620517063667546,0.11881691914243923,0.022801817151150584,0.20799244828168809,0.09175021472199545,-0.352318754192557,-0.29300326642845614,0.043158878816649746,0.24376993237459862,0.0926352310277094,0.06676085189346496
S18,0.006994101540724125,0.26783580266736245,0.08966563726811287,-0.08524486743830943,0.29968505578560417,0.0,0.0,0.044955905744698106,-0.13462526558529525,-0.0761366595158583,0.0492906536824087,0.056336279479041296,0.006472347868067802,0.04190442852457671,0.15007762128620433,0.15007762128620433,0.8092029275952897,1.0,0.1392616988261804,0.0009831044684137137,0.0009831044684137137,0.13894619677816514,0.20982189774914606,-0.08838303456466207,0.04220957744081195,0.09767880358698332,0.013987774470685525,0.1673895234189785,0.08966563726811287,-0.3046983111584471,-0.23890647593161954,0.030856978435197857,0.19855795619586708,0.06813607212605115,0.05328895792560457
S19,0.00014469653244386343,0.15471586264221276,0.024886662826119815,-0.039907916929967785,0.2540206775170275,0.0,0.0,0.036247527108134246,-0.03445401944002279,-0.03659569432566154,0.007486450987120965,0.06417132640323685,0.004821108009349903,0.057214599837590294,0.18989078896070163,0.18989078896070163,0.15253138341347347,0.1392616988261804,1.0,-0.005936796943986906,-0.005936796943986906,0.1397583956068107,0.14701288432034465,-0.06759475785676441,0.05855124500063762,0.04139739500575319,-0.042250081147227295,0.1175695985872118,0.024886662826119815,-0.12324130499844176,-0.10641243286536002,0.04167018132419929,0.135980676040405,0.03763898236670168,0.06294785416202689
S20,-0.00856236950940686,-0.03679614832703512,-0.0034973599461121424,-0.02896298285421256,-0.033651439159378814,0.0,0.0,-0.013930722181737644,0.03637200475980182,-0.022031912140106826,-0.007816819426684154,0.05871354369289089,0.0008442985183689557,-0.0007335138338810984,-0.010971885120082627,-0.010971885120082627,0.004596063440653279,0.0009831044684137137,-0.005936796943986906,1.0,1.0,0.005049137855853458,0.01444086597597245,0.0020769214245422705,-0.00844084319593094,-0.011107464349769744,0.06280161439844123,0.07096035920338098,-0.0034973599461121424,0.10981501361632168,0.10611447122729764,-0.012145373675411431,0.07575778298555744,0.0685359797013909,0.07563903909173057
S21,-0.00856236950940686,-0.03679614832703512,-0.0034973599461121424,-0.02896298285421256,-0.033651439159378814,0.0,0.0,-0.013930722181737644,0.03637200475980182,-0.022031912140106826,-0.007816819426684154,0.05871354369289089,0.0008442985183689557,-0.0007335138338810984,-0.010971885120082627,-0.010971885120082627,0.004596063440653279,0.0009831044684137137,-0.005936796943986906,1.0,1.0,0.005049137855853458,0.01444086597597245,0.0020769214245422705,-0.00844084319593094,-0.011107464349769744,0.06280161439844123,0.07096035920338098,-0.0034973599461121424,0.10981501361632168,0.10611447122729764,-0.012145373675411431,0.07575778298555744,0.0685359797013909,0.07563903909173057
S22,-0.007585137271590543,0.1483159008355283,0.26076979157884217,-0.05553689470740559,0.39619925189657773,0.0,0.0,0.05007362074056209,0.03533618788289884,-0.060770823633411325,-0.09332372318788834,0.1762177330212443,-0.011208575600434423,0.018819999420324265,0.6566600822443608,0.6566600822443608,0.13250164482356716,0.13894619677816514,0.1397583956068107,0.005049137855853458,0.005049137855853458,1.0,0.1576324003498409,0.14372374341402772,0.07148027267436637,0.12096518457900975,-0.028456060990722613,0.11306768599328454,0.26076979157884217,-0.12760260472153767,-0.05051010833754904,0.0027346681998558064,0.12513460341347882,0.05978612638848914,-0.020881335760615436
S23,0.008035963340205803,0.2096374220100748,0.09593831590029721,-0.0731301351786368,0.30625226007176926,0.0,0.0,0.09134539191037992,-0.14658355976969664,-0.07714979743356211,0.018478488390460613,0.15013687168272286,0.01785370104295906,0.05873526964590467,0.21429842748329667,0.21429842748329667,0.2422124740864793,0.20982189774914606,0.14701288432034465,0.01444086597597245,0.01444086597597245,0.1576324003498409,1.0,-0.10175716287672816,0.07239897730196622,-0.04623538804046109,0.0026665810979749054,0.19269942615752528,0.09593831590029721,-0.1777818247782291,-0.17483082139224385,0.033616394116672506,0.22856919772099263,0.006324748551512974,0.22510710009256957
S24,-0.006670855106094984,-0.0564587281144146,0.15701930463343486,0.09220178373647982,-0.07943826764243986,0.0,0.0,0.00747515790582792,0.42056696696213564,0.19276798746632443,-0.12656979610173777,0.2538996592142985,-0.013025752295389693,-0.03318943286384755,0.06276692532820818,0.06276692532820818,-0.1083343801309634,-0.08838303456466207,-0.06759475785676441,0.0020769214245422705,0.0020769214245422705,0.14372374341402772,-0.10175716287672816,1.0,-0.018725557860376756,0.10617196227008024,0.16136363137510967,0.09129807153904684,0.15701930463343486,0.25456199648369165,0.3565222903739943,-0.023567788585598274,0.10064296489651214,0.13720314061311759,-0.023816087552135837
S25,0.01990088482776295,0.0683719178151086,0.03565749785923973,-0.023555194794592938,0.11457130188549676,0.0,0.0,0.07451120504517711,-0.010783244983796798,-0.017918250505115422,0.0009591048048501398,0.014460477635379313,0.014703824781933848,0.039374699358184766,0.1086880127445848,0.1086880127445848,0.049620517063667546,0.04220957744081195,0.05855124500063762,-0.00844084319593094,-0.00844084319593094,0.07148027267436637,0.07239897730196622,-0.018725557860376756,1.0,-0.0036827830341487878,-0.027997727281901995,0.019353750977416696,0.03565749785923973,-0.06139894036172921,-0.04784751336668546,0.027381110618323913,0.03689588254301956,-0.03349935727445606,0.03225874848132793
S26,0.06233305823614573,0.11722137469178964,0.10714662246490014,0.038419090412031134,0.06286147574148457,0.0,0.0,0.08780465020238064,0.10299318137071509,0.001174961615490235,0.24133745717306443,-0.12326887719356454,0.038342153367598504,0.0346448518729284,0.06900926854354122,0.06900926854354122,0.11881691914243923,0.09767880358698332,0.04139739500575319,-0.011107464349769744,-0.011107464349769744,0.12096518457900975,-0.04623538804046109,0.10617196227008024,-0.0036827830341487878,1.0,0.2315511980653621,0.31952542204675166,0.10714662246490014,0.1474775760616172,0.10430519781818406,0.013015719793453338,0.414781807948508,0.6038110059278897,-0.7020738481961366
S27,0.034465304982665104,-0.02396371323957679,0.06903688284585191,0.20298203119739536,-0.15876993175933235,0.0,0.0,0.021655563114594784,0.2619542271414969,0.15440682680616824,0.21529670096544778,0.1254072464412822,0.05073814051834474,0.036039677050141876,-0.13126144430818676,-0.13126144430818676,0.022801817151150584,0.013987774470685525,-0.042250081147227295,0.06280161439844123,0.06280161439844123,-0.028456060990722613,0.0026665810979749054,0.16136363137510967,-0.027997727281901995,0.2315511980653621,1.0,0.5235423682527944,0.06903688284585191,0.4849772105348046,0.37325005261794325,0.028787150361258763,0.630218896693483,0.37915193538252506,0.25375981241541634
S28,-0.5147540956234804,0.16557229387879596,0.1379220169865606,0.126820026606612,0.12558008681052749,0.0,0.0,0.0899032078308294,0.18033022569673518,0.0833132549471172,0.26253059621030345,0.20574523208562312,0.044663896093924856,-0.25874624472349916,0.08088110360688634,0.08088110360688634,0.20799244828168809,0.1673895234189785,0.1175695985872118,0.07096035920338098,0.07096035920338098,0.11306768599328454,0.19269942615752528,0.09129807153904684,0.019353750977416696,0.31952542204675166,0.5235423682527944,1.0,0.1379220169865606,0.3001528939531537,0.1959302514284423,-0.013786104941610582,0.7798990265300968,0.4330676241130652,0.2800313196461449
S29,0.0036935891032518434,0.15286770312338582,1.0,-0.060587605086811144,0.1418439812186831,0.0,0.0,0.0323359086583884,0.0724364255042026,-0.0776270674355058,-0.2459704170757315,0.1795292942594776,-0.012042432693584695,0.0048254289176569145,0.21416849480819933,0.21416849480819933,0.09175021472199545,0.08966563726811287,0.024886662826119815,-0.0034973599461121424,-0.0034973599461121424,0.26076979157884217,0.09593831590029721,0.15701930463343486,0.03565749785923973,0.10714662246490014,0.06903688284585191,0.1379220169865606,1.0,-0.07226044650160438,-0.05822387478953051,-0.0050061014266176915,0.16209283395181548,0.10617362927990452,0.021932786970355066
S30,0.05570170805770862,-0.36197782839285525,-0.07226044650160438,0.30800883044738064,-0.2902743940094533,0.0,0.0,-0.005997970949723187,0.36414383265027583,0.24414817625080157,0.09432806088418465,0.06714747380772365,0.02601552187494236,0.022939520443029014,-0.16843626116675142,-0.16843626116675142,-0.352318754192557,-0.3046983111584471,-0.12324130499844176,0.10981501361632168,0.10981501361632168,-0.12760260472153767,-0.1777818247782291,0.25456199648369165,-0.06139894036172921,0.1474775760616172,0.4849772105348046,0.3001528939531537,-0.07226044650160438,1.0,0.6792772246260433,0.014507377134941036,0.38755173887531413,0.3110923669073851,0.1529876568457087
S31,0.04937393513352801,-0.2634444627054583,-0.05822387478953051,0.39168533888798407,-0.19923724638206242,0.0,0.0,-0.023907510671943584,0.39316519005578937,0.3423288300827011,-0.011582018123566924,0.08383546753588694,0.02491467765075983,-0.0003366345102390903,-0.09048978536788674,-0.09048978536788674,-0.29300326642845614,-0.23890647593161954,-0.10641243286536002,0.10611447122729764,0.10611447122729764,-0.05051010833754904,-0.17483082139224385,0.3565222903739943,-0.04784751336668546,0.10430519781818406,0.37325005261794325,0.1959302514284423,-0.05822387478953051,0.6792772246260433,1.0,-0.005227407916586734,0.26248212637437174,0.22945939116953964,0.10055430864709874
S32,0.172214706054303,0.045838781074357994,-0.0050061014266176915,-0.02692054849892371,0.043469565817147685,0.0,0.0,-0.008040214704625463,0.0038622961256266244,-0.01691527671007006,-0.0018217421377133387,0.026245248843300463,-0.003105171203300938,0.6193652060109188,0.032408498373570786,0.032408498373570786,0.043158878816649746,0.030856978435197857,0.04167018132419929,-0.012145373675411431,-0.012145373675411431,0.0027346681998558064,0.033616394116672506,-0.023567788585598274,0.027381110618323913,0.013015719793453338,0.028787150361258763,-0.013786104941610582,-0.0050061014266176915,0.014507377134941036,-0.005227407916586734,1.0,0.10979393485016573,0.03395024109920191,0.07137830116436229
S33,0.1351561415352018,0.23268838978656417,0.16209283395181548,0.12660048157281079,0.15652110416212583,0.0,0.0,0.10166505266538317,0.19822099293321643,0.09630398570983044,0.3025718657248617,0.20383271923256435,0.04975617908544605,0.17757573091791437,0.11893569658325302,0.11893569658325302,0.24376993237459862,0.19855795619586708,0.135980676040405,0.07575778298555744,0.07575778298555744,0.12513460341347882,0.22856919772099263,0.10064296489651214,0.03689588254301956,0.414781807948508,0.630218896693483,0.7798990265300968,0.16209283395181548,0.38755173887531413,0.26248212637437174,0.10979393485016573,1.0,0.5595022740916037,0.35300862250473847
S34,0.08082461086773635,0.0880015048451301,0.10617362927990452,0.10111222877338683,0.008867703194034854,0.0,0.0,0.07215718357653819,0.1950145772663815,0.05822200834917167,0.23361883627373958,-0.02969219984078337,0.03406976851146952,0.07886127878045875,-0.0009369301012536861,-0.0009369301012536861,0.0926352310277094,0.06813607212605115,0.03763898236670168,0.0685359797013909,0.0685359797013909,0.05978612638848914,0.006324748551512974,0.13720314061311759,-0.03349935727445606,0.6038110059278897,0.37915193538252506,0.4330676241130652,0.10617362927990452,0.3110923669073851,0.22945939116953964,0.03395024109920191,0.5595022740916037,1.0,-0.18332066645503328
S35,0.04023902391577102,0.06235670248745891,0.021932786970355066,0.06048291063339474,0.05617468212894316,0.0,0.0,-0.011108672228172538,0.04992144353844383,0.07311175235868016,-0.013594421245649616,0.2897812854362277,-0.0010142480782761659,0.10147081975183483,0.02384931189970732,0.02384931189970732,0.06676085189346496,0.05328895792560457,0.06294785416202689,0.07563903909173057,0.07563903909173057,-0.020881335760615436,0.22510710009256957,-0.023816087552135837,0.03225874848132793,-0.7020738481961366,0.25375981241541634,0.2800313196461449,0.021932786970355066,0.1529876568457087,0.10055430864709874,0.07137830116436229,0.35300862250473847,-0.18332066645503328,1.0
